x=[10
9
6.5
11
11
8
7
7
25
8
7
9
12
27
21
17
15
11
10
13
7
17.5
52
7
8
7
18
24
11
51
21
15
7
9
17
12
24
8
11
10
10
8
8
11
15

16
15
51
73
19
78
29
22
19
17
14
533
21
19
13
13
33
112
21
23
23
40
187
15
10
8
12

16
44];
