x=[     1
     1
     4
     2
     1
     1
     1
     1
     2
     1
     3
     2
     2
     1
     2
     1
     1
     1
     1
     1
     2
     1
     1
     1
     4
     1
     2
     1
     1
     2
     1
     1
     1
     1
     1
     2
     1
     1
     1
     3
     3
     3
     3
     3
     1
     1
     2
     2
     1
     1
     1
     4
     1
     1
     1
     2
     1
     2
     1
     1
     4
     1
     3
     1
     1
     1
     2
     1
     3
     3
     1
     1
     1
     1
     1
     1
     1
     1
     1
     1
     1
     3
     6
     1
     1
     2
     1
     2
     1
     1
     1
     3
     2
     1
     3
     1
     1
     2
     2
     1
     1
     1
     3
     1
     1
     1
     3
     1
     1
     1
     1
     2
     2
     1
    17
     1
     1
     4
     2
     6
     1
     2
     1
     1
     3
     4
     1
     1
    12
     2
     4
     1
     3
     2
     4
     1
     6
     1
     1
     1
     1
     2
     1
     4
     2
     1
     5
     1
     1
     2
     2
     1
     1
     2
     1
    24
     4
     3
     1
     1
     1
     1
     4
     3
     3
     3
     3
     1
     1
     1
     1
     4
     4
     1
     1
     2
     1
     1
     2
     3
     2
     1
     1
     1
     3
     3
     1
     1
     1
     1
     4
     2
     2
     1
     1
     2
     1
     1
     1
     1
     1
     1
     1
     1
     2
    10
     1
     2
     1
     1
     4
     2
     2
     1
     2
     1
     1
     2
     1
     1
     2
     1
     5
     1
     1
     2
     2
     2
     3
     4
     2
     1
     1
     1
     1
     1
     1
     2
     1
     1
     1
     2
     1
     1
     2
     1
     2
     1
     3
     3
     3
     1
     2
     2
     2
     1
     1
     1
     1
     3
     3
     2
     1
     4
     7
     3
     1
     8
     7
     1
     1
     1
     1
    18
     1
     1
    24
    11
     6
     2
     1
    51
     1
     1
     1
     1
     1
     1
     1
     1
     1
     1
     1
     1
     1
     1
     2
    21
     1
     1
     1
     3
     1
     3
     2
     1
     1
     3
     3
     1
     1
     2
     4
     4
     2
     1
     2
     2
     1
     1
     1
     1
     1
     2
     2
     1
    15
     1
     2
     1
    17
     1
     2
     2
     1
     1
     1
     1
     1
     1
     1
     1
     2
     1
     3
     2
     3
     1
     1
     1
     1
     1
     1
     1
     1
     1
     2
     5
     3
     1
     2
     1
     1
     1
     1
     5
     2
     1
     1
     1
     1
     1
     3
     1
     1
     1
     1
     1
     5
     1
     2
     3
     3
     1
     2
     1
     2
     1
     8
     1
     4
     1
    11
     1
     3
     1
     2
     1
     2
     3
     4
     1
     3
     1
     1
     1
     1
     3
     1
     1
     4
     1
     4
     1
    10
     3
     1
     2
     6
     2
     1
     5
     8
     1
     1
     2
     1
     2
     8
     1
     1
     1
     2
     2
     1
     2
     1
     1
     1
     1
     1
     1
     2
     1
     2
     2
     1
     1
     1
     4
     1
     1
     3
     1
     3
    11
     1
     2
     3
     1
     1
     2
     1
     1
     1
     1
     1
     1
     6
     1
    15
     1
     5
     1
     2
    27
    21
     1
     1
     3
     1
     1
     2
     4
     1
     1
     1
     6
     2
     1
     2
     1
     1
     1
     1
     1
     3
     1
     1
     1
     1
     2
     2
     1
     7
     1
     1
     1
     1
     4
     1
     1
     1
     1
     1
     1
     1
     1
     1
     1
     2
     1
     1
     1
     1
     1
     1
     1
     1
     1
     2
     2
     2
     2
     1
     3
     1
     3
     2
     3
     2
     1
     1
     2
     1
     2
     1
     1
     1
     2
     1
     1
     1
     3
     1
     1
     1
     1
     1
     7
     9
     2
     3
     3
     3
     2
     2
     1
     1
     1
     1
     1
     1
     2
     1
     1
     3
     3
     1
     1
     1
     1
     4
     1
     3
     1
     2
     1
     1
     1
     1
     1
     1
     1
     1
     2
     2
     1
     2
     1
     1
     3
     1
     2
     1
     1
     1];